-9.52 4.54 5.38
-4.67 -4.40 -8.86
-4.19 -4.98 7.07
-2.56 -6.89 -7.78
-1.18 5.83 -3.73
8.23 -1.93 8.12
9.33 3.08 0.61
7.94 2.21 -0.72
7.60 7.73 8.72
-5.04 -8.62 -7.86
4.64 -1.12 5.74
-4.92 -6.06 6.20
4.24 -0.26 7.34
-4.26 -0.73 7.78
4.42 7.04 3.68
6.83 7.47 8.56
7.67 3.88 3.53
-2.74 -6.30 -3.67
9.62 -5.87 4.12
2.00 5.35 0.24
8.07 4.73 -3.00
-6.45 6.80 -6.52
7.60 -1.98 -9.84
-1.02 8.82 3.40
-9.54 4.43 1.86
-3.37 -4.99 4.61
-2.54 3.91 -6.65
-8.93 -2.56 -3.69
-8.78 -9.66 4.44
1.09 -0.28 -3.47
0.33 6.04 5.17
0.34 -1.14 4.70
2.71 2.28 -6.56
6.67 -4.77 9.43
7.28 9.04 -2.05
-7.57 9.53 -7.57
8.51 2.19 8.80
8.60 2.86 -5.93
-6.88 4.86 -2.35
1.66 -5.84 5.36
1.65 1.86 -7.24
-0.96 0.38 -1.87
-7.32 9.86 1.23
0.12 9.89 6.18
9.27 -5.98 -4.05
2.84 8.07 0.57
-4.28 2.37 4.43
5.29 -8.03 9.56
0.99 -1.10 -7.56
-2.36 6.49 5.25
